 11.40300  57.65800
 11.43000  57.64200
 11.45800  57.62500
 11.48600  57.60800
 11.51400  57.59200
 11.51400  57.57500
 11.51400  57.55800
 11.51400  57.54200
 11.51400  57.52500
 11.51400  57.50800
 11.48600  57.49200
 11.48600  57.47500
 11.48600  57.45800
 11.48600  57.44200
 11.48600  57.42500
 11.45800  57.40800
 11.45800  57.39200
 11.45800  57.37500
 11.45800  57.35800
 11.43000  57.34200
 11.43000  57.32500
 11.43000  57.30800
 11.43000  57.29200
 11.43000  57.27500
 11.43000  57.25800
 11.40300  57.25800
 11.37500  57.24200
 11.37500  57.22500
 11.37500  57.20800
 11.40300  57.19200
 11.40300  57.17500
 11.43000  57.15800
 11.43000  57.14200
 11.45800  57.12500
 11.45800  57.10800
 11.48600  57.09200
 11.51400  57.07500
 11.54200  57.05800
 11.56900  57.04200
 11.59700  57.04200
 11.62500  57.02500
 11.65300  57.00800
 11.68000  56.99200
 11.70800  56.97500
 11.73600  56.95800
 11.76400  56.94200
 11.79200  56.92500
 11.79200  56.90800
 11.76400  56.89200
 11.76400  56.87500
 11.76400  56.85800
 11.79200  56.84200
 11.79200  56.82500
 11.79200  56.80800
 11.79200  56.79200
 11.79200  56.77500
 11.81900  56.75800
 11.84700  56.75800
 11.84700  56.74200
 11.84700  56.72500
 11.84700  56.70800
 11.84700  56.69200
 11.81900  56.67500
 11.81900  56.65800
 11.79200  56.64200
 11.79200  56.62500
 11.79200  56.60800
 11.76400  56.59200
 11.73600  56.57500
 11.73600  56.55800
 11.70800  56.54200
 11.68000  56.52500
 11.68000  56.50800
 11.68000  56.49200
 11.65300  56.47500
 11.65300  56.45800
 11.62500  56.44200
 11.59700  56.42500
 11.59700  56.40800
 11.56900  56.39200
 11.54200  56.37500
 11.51400  56.35800
 11.48600  56.34200
 11.45800  56.32500
 11.43000  56.30800
 11.43000  56.29200
 11.43000  56.27500
 11.40300  56.25800
 11.37500  56.24200
 11.34700  56.22500
 11.31900  56.20800
 11.29200  56.19200
 11.26400  56.17500
 11.23600  56.15800
 11.20800  56.14200
 11.18000  56.12500
 11.15300  56.10800
 11.12500  56.09200
 11.12500  56.07500
 11.09700  56.05800
 11.06900  56.04200
 11.06900  56.02500
 11.04200  56.00800
 11.04200  55.99200
 11.01400  55.97500
 11.01400  55.95800
 10.98600  55.94200
 10.98600  55.92500
 10.95800  55.90800
 10.93000  55.90800
 10.90300  55.90800
 10.87500  55.89200
 10.84700  55.89200
 10.81900  55.87500
 10.81900  55.85800
 10.81900  55.84200
 10.81900  55.82500
 10.81900  55.80800
 10.81900  55.79200
 10.81900  55.77500
 10.81900  55.75800
 10.79200  55.74200
 10.79200  55.72500
 10.79200  55.70800
 10.79200  55.69200
 10.79200  55.67500
 10.79200  55.65800
 10.79200  55.64200
 10.79200  55.62500
 10.79200  55.60800
 10.81900  55.59200
 10.81900  55.57500
 10.84700  55.55800
 10.84700  55.54200
 10.84700  55.52500
 10.84700  55.50800
 10.84700  55.49200
 10.87500  55.47500
 10.87500  55.45800
 10.90300  55.44200
 10.93000  55.42500
 10.95800  55.40800
 10.98600  55.39200
 11.01400  55.37500
 11.04200  55.37500
 11.04200  55.35800
 11.04200  55.34200
 11.04200  55.32500
 11.04200  55.30800
 11.04200  55.29200
 11.04200  55.27500
 11.06900  55.25800
 11.06900  55.24200
 11.09700  55.22500
 11.09700  55.20800
 11.06900  55.19200
 11.04200  55.17500
 11.04200  55.15800
 11.04200  55.14200
 11.04200  55.12500
 11.04200  55.10800
 11.04200  55.09200
 11.04200  55.07500
 11.01400  55.05800
 11.01400  55.04200
 10.98600  55.02500
 10.98600  55.00800
 11.01400  54.99200
 10.98600  54.97500
 10.95800  54.95800
 10.93000  54.95800
 10.90300  54.94200
 10.87500  54.92500
 10.84700  54.90800
 10.84700  54.89200
 10.84700  54.87500
 10.81900  54.85800
 10.84700  54.84200
 10.81900  54.82500
 10.81900  54.80800
 10.81900  54.79200
 10.81900  54.77500
 10.79200  54.75800
 10.76400  54.74200
 10.76400  54.72500
 10.76400  54.70800
 10.76400  54.69200
 10.76400  54.67500
 10.79200  54.65800
 10.81900  54.65800
 10.84700  54.65800
 10.87500  54.65800
 10.90300  54.64200
 10.93000  54.62500
 10.95800  54.60800
 10.98600  54.59200
 11.01400  54.59200
 11.04200  54.59200
 11.06900  54.59200
 11.09700  54.59200
 11.12500  54.59200
 11.15300  54.59200
 11.18000  54.57500
 11.20800  54.57500
 11.23600  54.55800
 11.26400  54.55800
 11.29200  54.54200
 11.31900  54.52500
 11.34700  54.50800
 11.37500  54.50800
 11.40300  54.49200
 11.43000  54.47500
 11.45800  54.47500
 11.48600  54.45800
 11.51400  54.45800
 11.54200  54.44200
 11.56900  54.44200
 11.59700  54.42500
 11.62500  54.42500
 11.65300  54.40800
 11.68000  54.40800
 11.70800  54.40800
 11.73600  54.40800
 11.76400  54.40800
 11.79200  54.40800
 11.81900  54.40800
 11.84700  54.40800
 11.87500  54.40800
 11.90300  54.40800
 11.93000  54.40800
 11.95800  54.42500
 11.98600  54.42500
 12.01400  54.42500
 12.04200  54.44200
 12.06900  54.44200
 12.09700  54.44200
 12.12500  54.44200
 12.15300  54.44200
 12.18000  54.44200
 12.20800  54.45800
 12.20800  54.47500
 12.23600  54.49200
 12.26400  54.50800
 12.29200  54.52500
 12.31900  54.54200
 12.34700  54.55800
 12.37500  54.57500
 12.40300  54.59200
 12.43000  54.60800
 12.45800  54.62500
 12.48600  54.64200
 12.51400  54.65800
 12.54100  54.67500
 12.56900  54.69200
 12.59700  54.69200
 12.62500  54.70800
 12.65300  54.72500
 12.68000  54.72500
 12.70800  54.74200
 12.73600  54.74200
 12.73600  54.75800
 12.76400  54.75800
 12.76400  54.77500
 12.79100  54.77500
 12.81900  54.79200
 12.84700  54.79200
 12.87500  54.80800
 12.90300  54.80800
 12.93000  54.82500
 12.95800  54.82500
 12.98600  54.84200
 13.01400  54.84200
 13.04100  54.85800
 13.06900  54.85800
 13.09700  54.87500
 13.12500  54.87500
 13.15300  54.89200
 13.18000  54.89200
 13.20800  54.89200
 13.23600  54.89200
 13.26400  54.89200
 13.29100  54.90800
 13.31900  54.92500
 13.34700  54.92500
 13.37500  54.92500
 13.40300  54.94200
 13.43000  54.94200
 13.45800  54.95800
 13.48600  54.95800
 13.51400  54.95800
 13.54100  54.97500
 13.56900  54.97500
 13.59700  54.97500
 13.62500  54.99200
 13.65300  54.99200
 13.68000  54.99200
 13.70800  54.99200
 13.73600  54.99200
 13.76400  54.99200
 13.79100  55.00800
 13.81900  55.00800
 13.84700  55.00800
 13.87500  55.00800
 13.90300  55.02500
 13.93000  55.02500
 13.95800  55.04200
 13.98600  55.04200
 14.01400  55.04200
 14.04100  55.04200
 14.06900  55.05800
 14.09700  55.07500
 14.12500  55.07500
 14.15300  55.09200
 14.18000  55.10800
 14.20800  55.12500
 14.23600  55.14200
 14.26400  55.15800
 14.29100  55.15800
 14.31900  55.17500
